,ARI,ATL,BAL,BUF,CAR,CHI,CIN,CLE,DAL,DEN,DET,GNB,IND,JAX,KAN,MIA,MIN,NOR,NWE,NYG,NYJ,OAK,PHI,PIT,SDG,SEA,SFO,STL,TAM,TEN,WAS,HOU,LAR,LAC,LVR
2000,0.5394170825827795,0.6041471324927131,1.898748130691384,0.25892019963973417,0.7397719989706691,2.157668330331118,0.6534652657574244,0.49792346084564265,0.5351017459221173,1.1737715717001282,0.5466093103505499,1.5136873209707538,0.9123854653971586,1.1219875317721815,1.00331577360397,0.6473004990993355,0.4142723194235747,0.5082507622557746,1.8038107241568146,0.9617035986618698,2.243975063544363,1.5966745644450275,0.887726398764803,1.150756442843263,0.4423220077178792,1.5535211978384051,1.1533717983951794,0.406874599433868,0.6559311724206599,1.2082942649854262,1.2082942649854262,,,,
2001,1.013807941688743,1.2958447374968896,1.0453873512579948,1.1306880552668939,1.8008430543155303,0.5589918475476778,2.2541164761500516,0.8099029609355559,0.4488873927276807,0.8893052120076692,2.2613761105337877,0.5081744068615254,2.6461367328717995,0.884223467939054,0.2964350706692231,0.6436875820245987,0.4001873454034512,0.8602666744727251,1.2958447374968896,0.4682464177509769,0.9274182925222836,0.3920202567217481,0.6225136484053685,1.2522869311944729,1.6198059218711118,0.8448399514072858,0.9432987427367063,0.8977747854553614,0.5589918475476778,0.4682464177509769,0.9604496289682828,,,,
2002,0.37053254322717505,0.5013087349544133,1.4036644578723574,0.8631228653997725,1.365884669151155,0.8718412781815883,0.7410650864543501,1.111597629681525,1.3465104185248975,1.0353115178406362,0.5037305162826955,1.453068796969314,1.264169853363303,1.608062801979374,0.48823111578168943,0.7149098481089023,1.0337546584153119,1.0752709097572923,1.4675994849390068,0.7722022749608354,1.2380146150178555,0.7955551663406993,1.9289488279767641,2.146909147522161,1.0680055657724457,0.6538809586361912,0.5579784180362166,0.5775948467953023,0.39232857518171477,1.0723647721633538,0.523104766908953,1.0534748778027527,,,
2003,1.6040169310142796,0.24187556896247073,1.3332088777261544,1.4035148146374947,1.0120583017113907,1.4830791465330444,0.9505285517121657,0.7201708669860031,2.1168658817467363,0.2520598034451011,0.5902226802433497,0.4667774137872242,1.6803986896340073,1.256055586191076,0.9165811034367312,0.3903956551674966,1.9641023645072813,0.7747292660000942,1.4588915896367973,1.0971198056288145,0.7092591871831849,0.9013047517127858,0.3437179137887742,2.291452758591828,0.8497470646444696,0.899607379299014,0.7092591871831849,0.5277285140999362,0.5346723103380931,0.5983237758545329,0.8147387586104277,1.1075354999860503,,,
2004,2.8859454432013147,1.0807923173741976,0.2874447652590951,1.0194707674522572,1.5292061511783859,1.1267834798156529,0.914596980369848,0.5499776508624019,0.6438762741803731,0.5553432864805717,1.1267834798156529,1.073127123633955,0.858501698907164,1.1911711072336901,0.6553740647907368,1.0462989455431062,0.704239674884783,1.475549794996688,1.0462989455431062,1.2776919815766778,0.8942726030282958,0.6349335481500901,0.3621804042264598,1.7807203207800941,1.5438397028643036,0.9428188300498319,0.8853298769980129,1.05779673615347,0.38230153779459647,0.6810229823061638,1.348115949065156,0.438193575483865,,,
2005,0.6444936087822355,1.7890253623093089,0.6111577324659129,0.3370627494205944,0.8556208254522781,0.6481975950396047,0.6444936087822355,0.563931907684456,2.382126161770547,0.4667022684285153,0.24631508611504974,1.7536691298526033,0.5055941241308917,0.7194993304939612,0.9334045368570306,1.1926835748728726,0.2777989693026877,0.6667175263264504,2.1779439193330714,2.50852469280327,0.9528504647082188,0.7111653614148805,1.407178051776887,1.118140851443318,1.7779134035372013,1.0889719596665357,1.1455419315972648,0.7283383886081376,0.5380040038828718,1.3364655868634758,0.7778371140475255,0.4926301722300995,,,
2006,0.6001356238698011,0.4699367088607595,1.2175632911392407,1.2183544303797469,0.9879351265822784,0.9154611211573237,1.3795490506329113,0.6123417721518987,0.3471123417721519,1.495253164556962,0.33566907775768534,1.2341772151898733,1.5054249547920433,1.5545886075949367,1.0782097649186257,0.21360759493670886,1.7681962025316456,2.723496835443038,0.555379746835443,0.8035714285714286,1.3884493670886076,0.7120253164556962,1.0591376582278482,0.5775316455696202,1.1570411392405064,0.7713607594936709,0.9256329113924051,0.2278481012658228,0.555379746835443,0.8259493670886076,1.115506329113924,1.6681735985533452,,,
2007,1.002728730553004,1.0326396727996132,1.5555724726212894,0.5931319499922902,1.7528168239158954,0.42650788018313535,0.7833818207445342,1.3877049396046035,1.0183963669678946,0.8029663662631475,0.9596427304120544,0.8830849615665659,0.5831842443320422,0.6623137211749245,0.7945729896123133,0.7598803661221981,1.5863481870076819,0.8393376650834294,0.20019757641249206,1.2729954587098682,3.0160200098664567,0.5626105803528928,0.607120911077014,1.5863481870076819,1.1750727311168014,0.7931740935038409,2.271807280159149,0.29376818277920036,0.7598803661221981,0.7050436386700808,0.548367274521174,0.7833818207445342,,,
2008,1.5235392561393237,2.4528153370013044,1.5951586228809158,0.7201001783290992,1.265998907048346,1.0938230556897708,0.6016026806293739,0.6380634491523663,1.306510872073893,0.9621591693567428,0.8406232742801016,1.8331664174060047,0.7899833179981678,0.32814691670693125,1.4356427605928241,1.0127991256386766,1.0573622871667785,1.4128547802659541,0.7813021826355506,0.833388994811254,0.5621035147294656,1.2578965140432365,0.7383305625905953,0.4687813095813304,0.4739899907989007,0.7943238856794764,0.6228714622677861,0.9115192130748091,0.8203672917673281,1.2631051952608068,0.45575960653740455,1.1459098678654742,,,
2009,0.6449531497825497,0.9098446220146683,1.1824141079346746,1.232321196905943,0.6054662222448426,0.6449531497825497,1.415546523548713,0.6564701703143809,0.09213616425464996,0.5251761362515048,1.8519369015184644,2.1421658189206116,1.0480488683966434,1.1056339710557994,0.44916380074141854,0.8394628298756996,2.045422846453229,1.3359743816924243,1.3129403406287619,0.8497001814595495,1.842723285092999,0.6976023864994926,1.1056339710557994,0.7575640172048996,0.7255722935053684,0.7107646956787282,0.5528169855278997,1.039822425159621,1.0749219163042494,0.7370893140371997,0.5528169855278997,1.3129403406287619,,,
2010,0.9259147469281771,0.7565400980998521,0.6436236655476353,0.46546662752080453,0.47424901671931025,0.7271818256362756,1.5808300557310342,0.9089772820453447,1.5676564719332755,1.3349231581728733,1.2514904607870687,1.829246207345911,0.42484807747771547,0.5928112708991379,1.3098306176057142,1.2547838567365084,0.9287376577419826,0.9353244496408619,1.3305319635736204,0.7791233846102955,0.45448864102267234,0.6674615790864367,0.7843349122665516,1.6677757087962413,1.0538867038206896,1.6071772233265513,1.5116687407928016,0.6610743869420689,1.0275395362251722,0.7289383034759769,1.1461017904049997,0.6674615790864367,,,
2011,1.1955742208696891,1.7300298803282321,0.8619256010921015,0.7991090399611359,1.0843580142771598,0.5931531018268225,1.8443354259927762,0.8433895666600132,1.3438624963263948,1.4828827545670562,0.4448648263701169,0.5931531018268225,0.9787026180142571,0.5190089640984696,0.8732531776894887,0.9020870090282925,0.65988282578234,1.8165313743446438,1.0709708782984295,0.37072068864176405,1.3963812605506445,0.41706077472198455,0.83580664348325,1.5040667939180141,0.7785134461477046,1.573503367346154,0.9712882042414218,0.6024211190428665,0.4355968091540728,1.1204003034506647,0.7723347680036751,1.5848309439435413,,,
2012,0.7816960364716283,0.4921789859265809,0.7708391470761891,0.7334431947141204,1.8115495448390118,0.7093167738353664,1.0856889395439282,0.5842980474636414,0.7568802892820528,1.3028267274527139,0.7382684788898712,0.7599822576807498,1.6241906535577166,0.4921789859265809,0.8142667046579463,1.042261381962171,1.3201977504854168,0.4516465988502742,1.4393133369953794,0.5211306909810856,0.6405564743309177,0.28951705054504756,1.7564034399732884,1.0229602452591682,1.2283794858839874,2.6925085700689424,0.06203936797393876,1.2941412159363626,1.6378393145119834,0.7320645420924774,1.2063210439376981,1.2051147228937604,,,
2013,0.9922667793677349,1.0105453779350353,0.9776439005138946,0.5992769101707768,1.466465850770842,1.1123832842385661,0.8930401014309615,0.30081350785042915,1.517496713709754,0.456591931558687,1.618961587389462,1.3416966117192435,0.4297335826434701,0.9282916843821836,1.6803254540082564,0.4700211060162955,0.9191523850985335,1.8236818913432264,1.0877631310662839,0.5908836761347714,1.1549090033543261,0.6110274378211842,1.4923170116017381,1.3473938372467138,1.8017475730624661,0.2734668253185719,0.5298419740547331,1.2623423990151936,1.1437180246396523,0.6815306037236285,0.7117462462532474,0.7729235965601303,,,
2014,0.7675668545292287,1.3266587609147162,0.9949940706860372,0.8650356614535751,1.3077064929016489,1.204653535580595,0.7888881560439295,1.33613489492125,1.4688007710127216,0.8244236585684308,0.7249242514998271,1.4688007710127216,0.7163957308939468,1.639371183130328,1.1655644828036436,0.7569062037718783,1.0916506375526809,0.3127124222156117,0.6443771124442907,1.0843404770333547,0.25585561817640956,2.036184294653926,0.5238948372183625,0.8338997925749646,0.4122118292842154,0.5685680403920212,0.6609603469557247,1.3025376925344487,1.3503490959310505,1.6914899201662632,1.012761821948288,0.8613805811939121,,,
2015,1.7041160391136227,1.604709270165328,0.5633050240403364,0.6130084085144838,1.6899150721210094,1.0934744584312412,0.5412146309407154,0.45561435767968383,0.7082732287565995,0.574350220590147,0.5822396466971544,0.6585698442824521,0.6337181520453785,0.8076799977048942,1.1376552446304835,1.1786802603869224,1.6799743952261796,1.0492936722319992,1.0302156054641447,0.960932099833515,0.7124151774627785,0.5268558754259617,0.6627117929886311,0.7206990748751363,1.86884725622794,1.0189193817200204,0.8548982129553341,1.3475139790768833,2.385762454759072,0.6406213998890101,1.1133558122209002,0.8804599535420385,,,
2016,0.25574551790533057,1.7300432093595892,0.9108369782082897,0.28368410389498855,0.6679471173527457,1.1533621395730596,1.199210075556088,0.6318418677661108,2.0860810872277944,1.1170061590865172,0.9387364892525075,1.5602625714224367,1.0380259256157536,1.2894731995226751,1.4141222754765337,1.049308816111577,0.3384867148747022,2.039946601644872,0.8725435316770102,0.857499677682579,0.9284207036563261,0.5931576717804306,1.1508548305739876,0.8252628476945121,0.9590456921449896,0.8394470528892616,0.4513156198329363,,0.5028945478138432,1.3990784214821026,0.6447365997613376,1.1282890495823408,1.1433329035767719,,
2017,0.831903161272633,0.6065960550946283,1.1308683598549856,1.8956126721707132,1.2088592812242949,1.7287987570196905,0.6121105646863976,0.9462898459476201,0.586376186591474,0.47769439338701974,0.7076953976103996,0.7916078518984898,0.9667624628070638,0.961888030221482,1.6681391515102275,0.5199394757953957,0.8354482031530561,2.534704944502554,0.5459364495851654,0.8795642798872109,0.5964861208430511,0.2729682247925827,0.6482995338823839,1.3989621520619864,,0.8271764387654023,1.0190813725589754,,0.9098940826419424,0.8391245428809023,0.8462014968570065,1.3648411239629137,1.2283570115666222,1.6118123749657265,
2018,0.9829182149805754,1.3896429935932273,1.482850755358627,1.5252179197974447,0.9786814985366937,1.40901084019383,0.6747933826982635,1.3444513515251548,1.1297910517018108,0.8236176766906201,1.0507056780826842,0.6285746578559166,1.811774013819995,0.798923672274852,0.5761934363679236,0.85158000522024,0.6227973172506233,0.4503024334640075,0.621385078435996,1.3218555304911188,0.7456620941231952,0.7795558256742495,1.2201743358379558,0.9441825217793707,,0.8134495572253039,1.1636847832528652,,1.3726961278177003,1.4489570238075724,0.7244785119037862,0.5465364212607511,0.5453809531396924,1.2201743358379558,
2019,1.1251179875497954,0.9336853925573743,0.8691220409443643,1.3036830614165464,0.6555663394551777,0.6952976327554915,0.6813916801003816,0.774760219356119,0.5562381062043932,1.2978889144769175,0.6952976327554915,1.1124762124087864,0.6674857274452718,1.1124762124087864,1.1820059756843355,1.4369484410280158,0.7532391021517825,0.9456047805474684,0.6952976327554915,1.0985702597536766,0.6952976327554915,1.5451058505677588,0.7787333486861504,0.8807103348236225,,0.7585065084605361,1.3732128246920956,,1.3558303838732084,2.062716310507958,1.0846643070985666,0.9138197459072174,1.1646235348654481,0.794625866006276,
2020,0.9115223590182324,1.1001131919185565,1.1315449974019438,0.8621295218300524,1.4817851156454025,1.158486544959133,1.751200591217294,0.9968372596159981,1.4817851156454025,0.8297996647614255,0.90104509052377,0.6286361096677466,1.2572722193354933,0.6600679151511339,1.2887040248188804,1.2001234820929707,0.9429541645016198,0.9901018727267008,0.6412088318611014,0.9240950812115876,0.5867270356898968,,0.9806723310816847,1.0372495809517819,,0.9429541645016198,0.9806723310816847,,1.3201358303022679,0.37718166580064794,1.2729881220771868,0.6034906652810368,0.6076815726788217,1.4772948577192044,0.6735386889297285
2021,0.8709492132845678,1.2096516851174552,0.7620805616239967,1.0342521907754243,0.5542404084538158,0.9331598713763226,1.1757814379341665,0.7620805616239967,1.2668352193230077,1.3064238199268516,1.493055794202116,0.919335280689266,0.5598959228257936,0.7257910110704732,1.8144775276761829,1.555266452293871,0.4750632072461278,0.943528314391615,1.1975551682662806,0.8709492132845678,1.3064238199268516,,1.3064238199268516,1.4999680895456446,,0.4354746066422839,1.0342521907754243,,0.4354746066422839,0.3266059549817129,0.6532119099634258,1.6548035052406787,0.3870885392375856,1.161265617712757,1.3686344780186064
